68
NULL 0 Common 0
Joined 7 0,255,0,255,0,0,0,0,0,0 Latin 1 0 1 Joined	# Joined [4a 6f 69 6e 65 64 ]a
|Broken|0|1 15 0,255,0,255,0,0,0,0,0,0 Common 2 10 2 |Broken|0|1	# Broken
P 5 0,255,0,255,0,0,0,0,0,0 Latin 26 0 3 P	# P [50 ]A
a 3 0,255,0,255,0,0,0,0,0,0 Latin 32 0 4 a	# a [61 ]a
i 3 0,255,0,255,0,0,0,0,0,0 Latin 66 0 5 i	# i [69 ]a
n 3 0,255,0,255,0,0,0,0,0,0 Latin 36 0 6 n	# n [6e ]a
F 5 0,255,0,255,0,0,0,0,0,0 Latin 33 0 7 F	# F [46 ]A
o 3 0,255,0,255,0,0,0,0,0,0 Latin 27 0 8 o	# o [6f ]a
r 3 0,255,0,255,0,0,0,0,0,0 Latin 28 0 9 r	# r [72 ]a
g 3 0,255,0,255,0,0,0,0,0,0 Latin 55 0 10 g	# g [67 ]a
e 3 0,255,0,255,0,0,0,0,0,0 Latin 34 0 11 e	# e [65 ]a
6 8 0,255,0,255,0,0,0,0,0,0 Common 12 2 12 6	# 6 [36 ]0
0 8 0,255,0,255,0,0,0,0,0,0 Common 13 2 13 0	# 0 [30 ]0
% 16 0,255,0,255,0,0,0,0,0,0 Common 14 4 14 %	# % [25 ]p
c 3 0,255,0,255,0,0,0,0,0,0 Latin 18 0 15 c	# c [63 ]a
s 3 0,255,0,255,0,0,0,0,0,0 Latin 21 0 16 s	# s [73 ]a
d 3 0,255,0,255,0,0,0,0,0,0 Latin 47 0 17 d	# d [64 ]a
C 5 0,255,0,255,0,0,0,0,0,0 Latin 15 0 18 C	# C [43 ]A
t 3 0,255,0,255,0,0,0,0,0,0 Latin 57 0 19 t	# t [74 ]a
l 3 0,255,0,255,0,0,0,0,0,0 Latin 30 0 20 l	# l [6c ]a
S 5 0,255,0,255,0,0,0,0,0,0 Latin 16 0 21 S	# S [53 ]A
k 3 0,255,0,255,0,0,0,0,0,0 Latin 67 0 22 k	# k [6b ]a
h 3 0,255,0,255,0,0,0,0,0,0 Latin 51 0 23 h	# h [68 ]a
w 3 0,255,0,255,0,0,0,0,0,0 Latin 54 0 24 w	# w [77 ]a
M 5 0,255,0,255,0,0,0,0,0,0 Latin 38 0 25 M	# M [4d ]A
p 3 0,255,0,255,0,0,0,0,0,0 Latin 3 0 26 p	# p [70 ]a
O 5 0,255,0,255,0,0,0,0,0,0 Latin 8 0 27 O	# O [4f ]A
R 5 0,255,0,255,0,0,0,0,0,0 Latin 9 0 28 R	# R [52 ]A
v 3 0,255,0,255,0,0,0,0,0,0 Latin 41 0 29 v	# v [76 ]a
L 5 0,255,0,255,0,0,0,0,0,0 Latin 20 0 30 L	# L [4c ]A
3 8 0,255,0,255,0,0,0,0,0,0 Common 31 2 31 3	# 3 [33 ]0
A 5 0,255,0,255,0,0,0,0,0,0 Latin 4 0 32 A	# A [41 ]A
f 3 0,255,0,255,0,0,0,0,0,0 Latin 7 0 33 f	# f [66 ]a
E 5 0,255,0,255,0,0,0,0,0,0 Latin 11 0 34 E	# E [45 ]A
u 3 0,255,0,255,0,0,0,0,0,0 Latin 63 0 35 u	# u [75 ]a
N 5 0,255,0,255,0,0,0,0,0,0 Latin 6 0 36 N	# N [4e ]A
- 16 0,255,0,255,0,0,0,0,0,0 Common 37 3 37 -	# - [2d ]p
m 3 0,255,0,255,0,0,0,0,0,0 Latin 25 0 38 m	# m [6d ]a
y 3 0,255,0,255,0,0,0,0,0,0 Latin 62 0 39 y	# y [79 ]a
q 3 0,255,0,255,0,0,0,0,0,0 Latin 58 0 40 q	# q [71 ]a
V 5 0,255,0,255,0,0,0,0,0,0 Latin 29 0 41 V	# V [56 ]A
b 3 0,255,0,255,0,0,0,0,0,0 Latin 46 0 42 b	# b [62 ]a
2 8 0,255,0,255,0,0,0,0,0,0 Common 43 2 43 2	# 2 [32 ]0
5 8 0,255,0,255,0,0,0,0,0,0 Common 44 2 44 5	# 5 [35 ]0
x 3 0,255,0,255,0,0,0,0,0,0 Latin 45 0 45 x	# x [78 ]a
B 5 0,255,0,255,0,0,0,0,0,0 Latin 42 0 46 B	# B [42 ]A
D 5 0,255,0,255,0,0,0,0,0,0 Latin 17 0 47 D	# D [44 ]A
+ 0 0,255,0,255,0,0,0,0,0,0 Common 48 3 48 +	# + [2b ]
1 8 0,255,0,255,0,0,0,0,0,0 Common 49 2 49 1	# 1 [31 ]0
J 5 0,255,0,255,0,0,0,0,0,0 Latin 56 0 50 J	# J [4a ]A
H 5 0,255,0,255,0,0,0,0,0,0 Latin 23 0 51 H	# H [48 ]A
, 16 0,255,0,255,0,0,0,0,0,0 Common 52 6 52 ,	# , [2c ]p
. 16 0,255,0,255,0,0,0,0,0,0 Common 53 6 53 .	# . [2e ]p
W 5 0,255,0,255,0,0,0,0,0,0 Latin 24 0 54 W	# W [57 ]A
G 5 0,255,0,255,0,0,0,0,0,0 Latin 10 0 55 G	# G [47 ]A
j 3 0,255,0,255,0,0,0,0,0,0 Latin 50 0 56 j	# j [6a ]a
T 5 0,255,0,255,0,0,0,0,0,0 Latin 19 0 57 T	# T [54 ]A
Q 5 0,255,0,255,0,0,0,0,0,0 Latin 40 0 58 Q	# Q [51 ]A
( 16 0,255,0,255,0,0,0,0,0,0 Common 59 10 60 (	# ( [28 ]p
) 16 0,255,0,255,0,0,0,0,0,0 Common 60 10 59 )	# ) [29 ]p
4 8 0,255,0,255,0,0,0,0,0,0 Common 61 2 61 4	# 4 [34 ]0
Y 5 0,255,0,255,0,0,0,0,0,0 Latin 39 0 62 Y	# Y [59 ]A
U 5 0,255,0,255,0,0,0,0,0,0 Latin 35 0 63 U	# U [55 ]A
Z 5 0,255,0,255,0,0,0,0,0,0 Latin 64 0 64 Z	# Z [5a ]A
8 8 0,255,0,255,0,0,0,0,0,0 Common 65 2 65 8	# 8 [38 ]0
I 5 0,255,0,255,0,0,0,0,0,0 Latin 5 0 66 I	# I [49 ]A
K 5 0,255,0,255,0,0,0,0,0,0 Latin 22 0 67 K	# K [4b ]A
